8.000 -9.000 24.000
8.000 -74.000 3.000
47.000 -57.000 -1.000
18.000 -70.000 34.000
7.000 -70.000 -1.000
17.000 -76.000 17.000
-13.000 -74.000 -5.000
-16.000 -63.000 -16.000
12.000 -12.000 56.000
-9.000 -22.000 60.000
39.000 6.000 48.000
-30.000 8.000 38.000
-27.000 14.000 44.000
14.000 -82.000 30.000
8.000 -36.000 21.000
9.000 -62.000 36.000
-11.000 -81.000 33.000
29.000 -60.000 46.000
38.000 -40.000 -24.000
32.000 -72.000 19.000
39.000 -73.000 6.000
-32.000 -72.000 -7.000
41.000 -68.000 -16.000
-30.000 -63.000 5.000
-26.000 -20.000 16.000
-37.000 -32.000 21.000
6.000 27.000 64.000
7.000 -42.000 49.000
-39.000 -38.000 16.000
8.000 -58.000 50.000
7.000 -52.000 35.000
9.000 -51.000 16.000
9.000 -13.000 40.000
7.000 -46.000 20.000
8.000 -32.000 33.000
10.000 -38.000 34.000
10.000 -30.000 62.000
16.000 -26.000 49.000
12.000 -17.000 45.000
11.000 -41.000 70.000
10.000 -9.000 51.000
4.000 7.000 47.000
1.000 -47.000 68.000
6.000 12.000 58.000
17.000 15.000 71.000
9.000 -51.000 61.000
5.000 -62.000 57.000
32.000 -32.000 66.000
-14.000 -50.000 56.000
-5.000 -55.000 67.000
22.000 -59.000 48.000
27.000 -26.000 69.000
28.000 -29.000 61.000
-15.000 -18.000 54.000
-14.000 -3.000 65.000
10.000 -4.000 69.000
56.000 22.000 29.000
9.000 7.000 42.000
9.000 21.000 30.000
7.000 28.000 33.000
11.000 23.000 43.000
8.000 49.000 0.000
7.000 47.000 26.000
9.000 38.000 44.000
12.000 57.000 2.000
6.000 57.000 -7.000
35.000 41.000 -16.000
-20.000 29.000 48.000
-10.000 39.000 45.000
10.000 61.000 23.000
11.000 48.000 53.000
19.000 58.000 41.000
5.000 74.000 8.000
-24.000 21.000 33.000
47.000 25.000 5.000
-28.000 34.000 2.000
-27.000 38.000 -7.000
-23.000 53.000 -12.000
48.000 17.000 23.000
-24.000 22.000 29.000
-24.000 15.000 31.000
-27.000 28.000 27.000
42.000 48.000 11.000
44.000 40.000 31.000
-20.000 42.000 31.000
-19.000 59.000 8.000
30.000 55.000 23.000
0.000 71.000 27.000
8.000 60.000 -16.000
24.000 69.000 -7.000
15.000 70.000 -16.000
24.000 55.000 -17.000
-8.000 37.000 -23.000
9.000 40.000 -24.000
-15.000 24.000 -18.000
-17.000 -43.000 45.000
-11.000 9.000 55.000
29.000 24.000 47.000
-7.000 33.000 56.000
51.000 2.000 9.000
50.000 -6.000 19.000
-29.000 -16.000 21.000
-23.000 -16.000 19.000
-23.000 -16.000 11.000
-22.000 -21.000 19.000
-33.000 -28.000 25.000
-26.000 0.000 -3.000
53.000 7.000 -10.000
-21.000 24.000 9.000
-22.000 22.000 7.000
29.000 13.000 -19.000
35.000 33.000 -3.000
32.000 26.000 -15.000
47.000 10.000 12.000
-22.000 20.000 13.000
-26.000 3.000 16.000
49.000 -20.000 39.000
37.000 -37.000 42.000
-4.000 -5.000 -26.000
-4.000 -27.000 -8.000
-17.000 -13.000 -17.000
21.000 -38.000 0.000
24.000 6.000 -32.000
-34.000 21.000 -18.000
-34.000 -25.000 12.000
61.000 -13.000 -1.000
-3.000 -29.000 -14.000
-13.000 -32.000 -19.000
54.000 -2.000 -15.000
-38.000 -22.000 -1.000
58.000 -28.000 -2.000
27.000 21.000 -37.000
-42.000 3.000 -28.000
56.000 -41.000 -22.000
55.000 -7.000 -39.000
39.000 -25.000 -29.000
47.000 -40.000 -14.000
-44.000 -53.000 -2.000
46.000 -53.000 -11.000
52.000 -33.000 8.000
50.000 -47.000 10.000
-30.000 -59.000 16.000
22.000 -62.000 29.000
39.000 -74.000 30.000
-23.000 -45.000 39.000
36.000 -59.000 43.000
38.000 -67.000 29.000
-48.000 -14.000 26.000
-38.000 -30.000 29.000
46.000 -49.000 50.000
47.000 -51.000 24.000
-19.000 -69.000 41.000
-4.000 -77.000 43.000
15.000 -44.000 -6.000
29.000 -46.000 -15.000
34.000 -26.000 -13.000
-31.000 -67.000 0.000
-32.000 -55.000 -1.000
-21.000 -78.000 15.000
44.000 -67.000 9.000
29.000 -45.000 -5.000
4.000 -41.000 38.000
9.000 -31.000 43.000
-11.000 -42.000 -17.000
7.000 31.000 -13.000
7.000 43.000 -13.000
10.000 22.000 -19.000
-25.000 -4.000 -4.000
-23.000 -15.000 14.000
37.000 35.000 6.000
26.000 75.000 3.000
44.000 53.000 1.000
27.000 12.000 -41.000
-26.000 -17.000 9.000
-27.000 -23.000 16.000
-45.000 -26.000 15.000
54.000 -7.000 -11.000
-42.000 -23.000 -21.000
47.000 -4.000 -9.000
10.000 41.000 28.000
9.000 45.000 18.000
